510225
510326
513130
513736
516742
517239
518746
519647
519950
520228
521331
522434
523032
524135
525541
529549
529953
530635
531536
531940
536647
540436
541640
541943
545345
547046
548250
549757
550439
552241
552544
553344
555348
555651
555954
557857
558657
558960
559053
559457
561242
561444
561949
562446
565452
566454
567052
567759
567961
568963
570243
571144
571548
572045
573249
573451
578057
578158
579665
579867
580044
580347
580650
580751
581349
581450
583858
585256
585862
586460
587664
588565
589567
590047
592455
594156
597869
598568
599065
599469
599671
601127
604537
611938
613235
613538
614439
615441
615744
616645
617748
618952
620434
622236
623137
623844
626648
627549
627852
628248
