120414
120515
120717
121315
121416
121618
121820
121921
122317
122418
122620
122822
123117
123420
123521
123723
123824
123925
124422
124624
124826
125222
125424
125525
126325
126426
126628
127226
127327
127630
127731
127832
127933
128026
128127
128329
128632
128935
129028
129129
129331
129634
129937
130013
130114
130316
130417
130518
130619
130720
130821
130922
131217
131419
131722
131823
131924
132017
132118
133019
133625
133827
133928
134021
134223
134324
134425
134627
134728
134829
135124
135225
135528
135629
135730
135932
136126
136227
136631
136833
137027
137128
137229
137431
137532
137633
137936
138130
138231
138332
138534
138837
139233
139435
139637
139839
140117
140319
140420
140925
