209228
209329
209531
209935
210011
210112
210415
210617
211114
211215
211316
211417
211619
211720
211821
211922
212015
212116
212217
212318
212419
212823
213017
213421
213522
214019
214221
214423
214524
214625
214726
217126
217429
219231
220721
221319
224022
227432
227533
228434
231928
233326
236130
237334
238033
239136
239944
245333
246133
248238
248339
249947
250932
251833
255639
255740
256540
257542
257845
257946
263436
268749
268850
270332
274542
275645
280739
280941
281135
283543
284646
285345
285446
286347
286650
287248
289555
290136
293748
297655
298455
299154
299760
300618
300719
303119
303624
304020
304727
305830
307127
308129
308331
309636
310621
314225
316633
316835
317332
318637
