789373
792564
792766
792867
793465
800941
802844
803240
804646
809252
810439
810843
812746
814548
814649
815247
816653
818455
818859
820745
822244
825048
825553
825654
826353
826454
827052
828862
832651
833148
835657
837560
837964
841349
843151
844961
845458
849264
849971
852455
856463
856766
856968
857263
859671
861456
865363
867468
869472
870861
871762
871964
872562
872764
873968
877168
877269
878776
878877
880157
882161
884064
885975
886674
887373
888678
889579
891667
894067
894673
894774
896778
896879
898176
899885
901038
901139
901442
902242
904044
905147
907656
908860
910241
910443
911849
912447
917255
917558
923755
926862
927359
929464
930449
932554
933253
942658
943862
951457
952863
953764
955465
957974
958976
959574
962058
965367
965771
966975
969476
970764
971160
972566
973770
978578
979984
983773
984472
987074
987983
989987
990366
991267
992673
992774
993675
994273
995174
996782
